1.0045871559633028
1.0070921985815602
1.0040485829959513
0.9250066796759585
1.0067114093959733
1.0044052863436124
1.0039525691699605
1.0044444444444445
1.0038167938931297
1.0043103448275863
1.0052631578947369
1.0092592592592593
1.0041322314049588
1.0045045045045045
1.0041666666666667
1.0040322580645162
1.00390625
0.9855072463768116
1.0081967213114753
0.9696969696969697
1.00390625
1.0052910052910053
1.0045871559633028
1.004524886877828
0.9615384622262074
1.0045454545454546
1.0042735042735043
1.0049019607843137
1.005
1.001001001001001
1.003921568627451
1.0042194092827004
1.0044247787610618
1.0042194092827004
1.0044642857142858
1.0061349693251533
0.9477124183006536
1.0043668122270741
1.0044052863436124
0.992992992992993
1.001001001001001
1.0036231884057971
0.9924812030075187
1.0151515151515151
0.8439716312056738
1.0040485829959513
1.0054054054054054
1.003831417624521
1.0038461538461538
0.8877362969097184
