0.001413800468155153
0.0015105095463689312
0.0013059070040443573
0.0015534652865407206
0.0015877541486680159
0.001359479052464925
0.0013269938298698014
0.0014275304129114375
0.13805499648884603
0.0013479470602258768
0.22582809248384653
0.0012837639079845285
0.0015681011567165505
0.0014807369768056338
0.001444021883738363
0.0014358936693292157
0.0014931849142385545
0.0015071796412445585
0.32278646591783133
0.0015018390298461202
0.0013617340971450176
0.473372291232827
0.0017016589084993664
0.001403231190215181
0.0015714591772008973
0.42942614957666425
0.0012667412189547864
0.17662327424548885
0.23591991035500542
0.09708702681375865
0.17835712798051628
0.0016493550005647892
0.0016744902385919008
0.11816187013055587
0.001427052160904298
0.0014027938887904016
0.3070535512126619
0.21458347823534885
0.17086268464324633
0.1163897697246998
0.057443926550436404
0.00152988129021664
0.21232451468425378
0.0016530473792844339
0.8617808151982848
0.0017103183285077763
0.1789483954974236
0.0017734668810826895
0.2511653350995822
0.0020374637229248105
