10.151751046338621
6.713344527846907
10.710530930961646
6.344876433392729
6.920133627851644
9.847431851223407
10.21520652538841
10.083314110544002
11.209457003131245
9.834597111636608
11.077954408550024
4.848700684107225
12.041837900466671
10.783259940586504
9.725786585152793
10.879678971425067
10.372079549238345
11.256389638396062
5.330762968562877
5.480479123596694
10.355064956860133
9.834641489512586
10.22039855113283
9.93006343549796
5.679774614915221
10.591205837320624
9.753609251890547
10.386517085182694
7.221563486341399
5.516015455693785
10.705940183751183
9.692726300676247
9.781802351076214
10.381292396342726
9.825240686895091
6.588245835107452
13.44795861416865
11.31617055914353
11.565280257061891
43.6421599340325
8.315488926374208
11.736612401003665
7.418612715526985
2.5751487650961296
14.011217690630387
9.71960597869707
10.248871457011171
11.279447213372215
11.442281401490844
5.9504682347157045
