0.9090909090909091
1.0048309178743962
1.0040816326530613
0.9617834394904459
1.004201680672269
1.0045871559633028
1.0040983606557377
1.0043290043290043
1.0054054054054054
1.004
1.0049019607843137
0.2932932932932933
1.003875968992248
1.0057803468208093
0.7678408026695251
1.004255319148936
1.0196078431372548
0.9683794466403162
0.9435483870967742
0.11511511511511512
0.7662721893491125
1.0053191489361701
1.006896551724138
1.0046082949308757
0.9743589743589743
1.0057471264367817
1.0046948356807512
1.007936507936508
0.21121121121121122
1.0084033613445378
1.005181347150259
1.0044444444444445
1.0043103448275863
1.004149377593361
1.0041666666666667
1.0049751243781095
1.0012642225031605
1.0
1.00390625
1.0037735849056604
1.0049261083743843
1.003787878787879
0.8154981549815498
1.0045871559633028
0.8675213675213675
1.0042918454935623
0.973568281938326
1.0039525691699605
1.0040160642570282
0.4774193548387097
