0.0016547938995989336
0.0011980531444482883
0.1461614469390562
0.0017563331977703022
0.001422943189806704
0.0014058525920760125
0.001540465635027103
0.0014308927443636445
0.4939958040052679
0.0013362256483524107
0.42621055702507943
0.043650434439404855
0.0015182035772446651
0.7640792289876643
0.37773367066048585
0.0015009505957231282
0.001367116588345893
0.001514357213403021
0.32379723931503135
0.12479933274081778
0.15206255256815726
0.5028850462454392
0.001515857089443357
0.0017513908020141298
0.19501746864149866
0.4004788035521854
0.0015622564410285788
0.0014516351667615318
0.3765084869217524
0.32703526410997646
0.518050237953418
0.0014602850483626955
0.0013341145904319249
0.2544392231410187
0.0014811592453042976
0.47752919981131026
0.0014159258218601643
0.19028660902909586
0.0015969587303743538
0.444869167260707
0.5357518091872667
0.001665114492370225
1.071439929361654
0.334525850940327
1.0062947577644392
0.0016113856009556413
0.45722880375389235
0.1648240407827939
0.3591788634217211
0.5014598022420673
