11.475227856293372
10.03871520603976
10.880841720599646
5.2508451341347
10.290387129455247
9.916401802594041
10.206128100155754
10.073661553180816
10.2849758728938
9.807647411724737
11.279974348882355
7.766548885354452
11.380158859584744
10.299310550862947
5.0481101194467275
10.8107134829568
2.9122379301806776
9.293685968694522
5.492553138545307
9.87467645710664
11.311440407252638
9.944912070124401
6.379274044777205
9.796474952394066
6.450133377753719
10.405038475468238
9.717525696786597
5.661703863840001
17.201747313916556
5.143385571432564
9.739878183210594
9.719681536817351
9.76107149940693
11.292688693168996
9.836793612507426
9.727554653895348
4.723549038941306
11.42001116522902
10.782504969201273
13.140672839448156
10.358503031906757
11.451176269194118
13.035331036765823
9.715400726400839
13.193512378543359
9.7806828129259
10.761149197002823
11.141551415998752
11.148263430952724
17.05559983392648
