Wall time,Step,Value
1746018871.4164894,50,0.10000000149011612
1746018988.3878682,100,0.14000000059604645
1746019088.9336872,150,0.0
1746019202.2225492,200,0.1599999964237213
1746019315.2364445,250,0.11999999731779099
1746019443.9806075,300,0.03999999910593033
1746019552.6639068,350,0.05999999865889549
1746019724.0412447,400,0.07999999821186066
1746019849.089817,450,0.07999999821186066
1746020031.4932003,500,0.11999999731779099
1746020150.1105897,550,0.14000000059604645
1746020282.7708697,600,0.11999999731779099
1746020465.5165932,650,0.2199999988079071
1746020648.6125927,700,0.23999999463558197
1746020825.8948338,750,0.20000000298023224
1746020953.1946707,800,0.14000000059604645
1746021113.6104732,850,0.11999999731779099
1746021342.38083,900,0.25999999046325684
1746021505.070886,950,0.20000000298023224
1746021709.6297626,1000,0.2800000011920929
1746021866.0001051,1050,0.2199999988079071
1746022007.443615,1100,0.2199999988079071
1746022204.3007176,1150,0.36000001430511475
1746022429.650261,1200,0.25999999046325684
1746022669.5859706,1250,0.23999999463558197
1746022860.5046685,1300,0.20000000298023224
1746023080.9220881,1350,0.3199999928474426
1746023288.42469,1400,0.3799999952316284
1746023594.111233,1450,0.25999999046325684
1746023834.9695196,1500,0.2199999988079071
1746024089.3158937,1550,0.36000001430511475
1746024342.7524323,1600,0.3799999952316284
1746024627.2501128,1650,0.25999999046325684
1746024885.9216976,1700,0.4000000059604645
1746025091.078423,1750,0.30000001192092896
1746025289.0354822,1800,0.25999999046325684
1746025523.218464,1850,0.41999998688697815
1746025805.102696,1900,0.4399999976158142
1746026020.4669192,1950,0.4000000059604645
1746026313.723455,2000,0.36000001430511475
1746026588.670582,2050,0.3799999952316284
1746026809.3476548,2100,0.3400000035762787
1746027017.2667186,2150,0.3400000035762787
1746027250.9550474,2200,0.3199999928474426
1746027424.933959,2250,0.41999998688697815
