0.963265306122449
1.0
1.0042372881355932
0.9958677685950413
0.895397489539749
1.003968253968254
0.9885057471264368
1.0043859649122806
1.004566210045662
1.0
0.9780241205142095
1.0
0.9735682785248442
0.9717741935483871
1.0044247787610618
0.9773720668171937
1.004149377593361
1.004566210045662
0.9959016393442623
1.0
1.0043859649122806
1.0042735042735043
1.0040816326530613
1.0038610038610039
1.0043103448275863
1.0089285714285714
1.0
0.8768656612999404
1.0038610038610039
1.0045871559633028
1.004
1.0043103448275863
1.003968253968254
1.0044843049327354
1.0043668122270741
1.0043859649122806
1.003831417624521
0.9264214046822743
0.9701492537313433
0.8189655172413793
0.9291338582677166
1.004255319148936
0.9823008849557522
1.0172413793103448
1.006578947368421
1.0048543689320388
1.0048309178743962
1.0046082949308757
1.0061728395061729
0.6930231104063433
