0.0008374182920788928
0.0008042482475928487
0.0007937288459812655
0.001092456315099531
0.0008769640876818059
0.0010028861556386959
0.0009726457832152759
0.0008882569328354867
0.0009375322872207215
0.0008430520965096851
0.0010842215557644082
0.0010986051643175967
0.0009819025767142454
0.001131594065349594
0.0009010131115431741
0.0013993980887978567
0.0008949642939129806
0.0009196295453975462
0.001122829893634456
0.001081598574743646
0.0009406154869091615
0.001265566678902803
0.0010822913751994468
0.000995431815428681
0.0010023232820897427
0.0014420734015792342
0.0010550838201179927
0.0013906354785709182
0.001484735480295746
0.0010781328051261297
0.001130948388017714
0.0014579110100949664
0.0012048453465381282
0.0010242435899500489
0.0011723920770038293
0.0009584465695201958
0.0011202225067306639
0.0012169416649672
0.00127686150202618
0.002142552550829915
0.0008003237440774912
0.0007165535915114464
0.0006270793982551859
0.0010174850690105061
0.0007663126644537874
0.0008854749854100253
0.0006554832270526474
0.0008439878340375858
0.0011435751172299475
0.0017281964698350897
