100.96414566040039
85.92470479011536
82.96351599693298
92.0089476108551
94.61646461486816
80.67359733581543
103.35085439682007
81.7576994895935
85.94098591804504
86.62200570106506
110.84535908699036
97.8043601512909
134.3364884853363
107.3517713546753
95.66641020774841
121.95948696136475
112.17720246315002
102.0721001625061
103.63966822624207
98.18184113502502
108.86324977874756
101.72446203231812
95.75044417381287
103.73403882980347
104.10591077804565
60.61825156211853
95.04545736312866
115.0576159954071
113.41342282295227
96.55507445335388
100.48193407058716
104.63065648078918
101.26899027824402
96.90617799758911
92.49301242828369
100.75836730003357
108.92408108711243
161.0574026107788
162.07099890708923
91.8897020816803
186.07582688331604
157.85785365104675
92.81638360023499
45.48338866233826
132.0918960571289
155.42623376846313
148.71441650390625
207.6929006576538
130.36869955062866
186.38193035125732
