10.664884651258696
10.165837215496305
9.711597266223452
9.89562311200415
10.39817364618427
10.075914416978705
10.546835602414234
9.83009678949924
9.72638258370586
9.93186976310812
7.324833223961677
9.779018398917565
11.775577295075767
9.830117804123084
9.487110631222667
10.363632705316938
10.580871204715223
9.68853983540557
9.768622151505657
9.524296218451443
10.274653873284764
9.92093971599401
9.914480778915072
9.997963571591791
9.902578495208266
4.467170432472106
9.69901376228113
9.790325667731125
9.674325260567175
9.757692205708432
9.78151969564385
9.545440525434408
9.61644466537318
9.919074028924241
9.631105182954586
9.681509473510518
10.19180504376166
11.17125094779403
11.21987183760224
5.403866101339897
11.75855181684724
11.401498287450103
6.102916757875593
2.5753946721155025
7.78589898147427
9.724828633438774
10.491439484529716
11.396963827505832
6.195975775467276
7.779180555492061
