1.001266538308411
1.004394108586841
1.0039919733102598
0.9767657481609506
1.0008787398421488
1.0049331240355968
0.9971504181764702
1.005051961634308
1.004356804324521
1.0051130653996216
0.8788090711738118
0.9879421097311106
0.6387544627166899
0.9646572831796135
0.9399854066294872
0.5320501470286056
0.9707894649931448
1.0031323794807707
0.9497765163676097
0.8984261291280373
0.9895815881923656
0.9368875191701569
0.2870555955895821
1.0007949483745238
0.9936966259228556
0.9611156146798358
0.9999434496905353
0.9468927521369245
0.8626432490860694
0.9747995522123313
0.9688210080513794
0.9917594109262738
0.9987930846724281
0.9515222635914068
0.9999951754258648
0.9618402235863501
0.9953188973377987
0.02312292764803212
0.9385020394010593
0.36547333338424903
0.8964309038630888
0.31552063892869386
0.08111583171244374
0.9451561691953982
0.18505132712538486
0.9409945543674908
0.8851765241956822
0.7369700417826017
0.7837670198581632
0.26267705763143206
