0.0006955663703549709
0.000682389782256602
0.0007566901759541244
0.0009501344000145377
0.0008416802385042058
0.0007789151549604866
0.0011361986493353315
0.0006405012865495033
0.0005918391444639484
0.0006210212736684632
0.0009539536581192246
0.0006922564828590276
0.0006906304741436895
0.0007171985755417683
0.0007647659499690979
0.0007931178492847667
0.0011097726793398075
0.0006844256095150957
0.0007858851153546961
0.0007884465992648547
0.0008827668408135217
0.0007333896397385579
0.0009492240691454243
0.0005858094705592306
0.0007876112105039188
0.0007346407382156397
0.0009282460432980254
0.0009422041187976317
0.0006814336315470509
0.0007688504814959069
0.0007887060337861329
0.0007373791071846167
0.000730289524089748
0.000806726930283626
0.0006143830136410476
0.0008548762982507853
0.0007822119337270781
0.0007609887996474202
0.0008546171674549492
0.0008226967953884344
0.0008978360980417955
0.0007155907197686128
0.0008909774648722549
0.0009584185448017836
0.0008605036476505634
0.0008750307753654956
0.000851696526067961
0.0007109559437722823
0.0008935029742837462
0.0008442983385138509
