80.45765614509583
83.8349347114563
76.23961997032166
97.01443219184875
73.21173429489136
78.67290687561035
92.49842882156372
81.26682090759277
81.15083074569702
77.6195456981659
174.8919026851654
99.72965264320374
231.47642397880554
90.42414879798889
104.25017476081848
153.8548562526703
274.80771946907043
97.91428256034851
91.68711042404175
108.11073541641235
112.44072484970093
136.08465385437012
148.3125398159027
104.25915288925171
98.93723034858704
88.26559805870056
93.70091223716736
119.5523738861084
89.82272028923035
106.18631887435913
107.50299167633057
99.12541723251343
96.15756964683533
106.52033996582031
87.06106448173523
102.45609712600708
86.40799331665039
381.5638642311096
158.2907018661499
190.75521278381348
131.82789587974548
213.80606055259705
382.57394099235535
130.1334617137909
389.8178434371948
157.99454975128174
163.96819376945496
267.6553211212158
257.8080174922943
223.4475507736206
