9.423206965330323
9.518556157492268
9.371992573355579
7.020379226637142
7.096505844586894
9.561793132237073
7.467276478520121
9.622216664257676
9.442881172183972
9.367272757877744
8.046771601242614
9.65720101443816
11.380978654538183
7.287761633234853
9.600868857213198
6.752613327511577
4.23115699021363
9.41706925697585
6.279242432214701
9.415158205542562
10.234542461893167
10.977664448730108
3.1543437279935955
10.748837283843322
10.554648145743489
6.9819250530370915
9.439972870652687
9.933707740740871
5.861208592238537
9.555025244994724
9.620274982615097
9.440169497130984
9.611277275482399
10.055949347579311
9.331279404999746
9.487552846272495
8.941562886959359
0.5555138263935164
10.512819505202552
5.948601017428622
7.098703004488225
4.273097906627796
1.7988293653148715
9.48839470919362
3.4845586366852936
9.646853177194698
10.325718793396625
10.860768120914038
10.90322407571291
3.221171029630014
