1.0185185185185186
1.0043668122270741
1.0041152263374487
1.0062893081761006
1.0044843049327354
1.001001001001001
1.0038167938931297
1.003921568627451
1.0044444444444445
1.0043668122270741
1.0066225165562914
1.009009009009009
1.003787878787879
0.9921259842519685
0.1775363506614298
1.0039370078740157
1.0040322580645162
0.9169435215946844
1.0084745762711864
1.007936507936508
1.0041666666666667
1.0045871559633028
1.0064102564102564
1.004
0.998998998998999
0.9908675799086758
1.015625
0.12312312312312312
1.0
1.0
1.0053191489361701
1.0040816326530613
1.003968253968254
1.0041666666666667
1.0044052863436124
1.0054945054945055
0.8972222222222223
1.00398406374502
1.0038022813688212
0.6363636370409619
0.916955017301038
1.0037735849056604
0.9939024390243902
1.0185185185185186
1.0047846889952152
1.004149377593361
1.0038461538461538
1.0035714285714286
1.0056818181818181
0.9605911330049262
