0.0014430687043824474
0.0013754641884779273
0.0015334253736681578
0.001488256683893818
0.0014843899283439104
0.0013219280786266004
0.0014514476565185594
0.001419574164730661
0.18500204710238097
0.0012084229166292094
0.0017671261918700196
0.0013976654969680181
0.1962618479202237
0.26811531274412176
0.14728687576164215
0.0014048612276211336
0.00164558871115479
0.0015636954646661221
0.3561090923390959
0.0017326544932854762
0.0015548411743414666
0.31239118549968503
0.0015128274158670162
0.0015823974165832624
0.04538742128869279
0.18288041776328956
0.0015845557190914406
0.03886947718127193
0.3377335571189407
0.001519590080373318
0.001961311126348285
0.0016488015766930291
0.0015716259842433612
0.0017320669405307854
0.0014391399614588822
0.0014584102363397295
0.21031694572512707
0.22255946658932013
0.0016820587486935205
0.32533797412267607
0.19877301728929744
0.09881406537990771
0.0017605191160549932
0.0020745132038697462
0.18212776331222086
0.0016926175238916271
0.0014997774729496227
0.0017041099688088121
0.0017664784247079463
0.001850151410297688
