2.0478721103025577
10.075775727862155
11.64380342423179
6.165517681244984
10.196481244581067
42.00436291531862
10.221420192828546
10.106653291197988
11.13961520534949
9.78094389875865
6.792326806002007
4.8533698364823525
11.383233609535834
11.117705827857295
9.913014689763706
10.697701019331433
10.397126011105506
12.34787368598462
5.2996533554415635
5.552701279094993
10.302357685898697
9.945283081961533
6.120061295531665
9.95170919561372
6.6167212091040435
10.338116105297173
3.120402918500324
9.463503996733623
5.624632234566327
5.258385814044908
6.136967308118473
9.771790642771581
9.80395693338922
9.910235769428859
9.806571251755994
6.764030346477744
14.403251902332075
11.450949254883305
10.79380518981118
4.0200870633202825
11.465602219327032
11.65544940955992
6.1481636962123565
2.571623503375516
8.234009615372745
9.803680926217764
10.462703944008956
11.24854342068431
6.289127061371543
6.778603054950636
