0.9895974531465647
0.8551038060089738
0.8696308660088107
0.9802511799917861
1.0048562894557036
1.0049964580304769
0.9769442675014337
0.9984064912423491
0.731623917823731
0.8447293544082813
0.846513952698233
1.004330575466156
0.9856830682266843
0.7086975191260216
0.9648583341178231
1.0040986215898775
1.0097849709647042
0.8089962809547255
0.9402921261156306
0.83362199827548
0.8038293408716504
0.9894213802298578
0.9974027855630301
1.0036476531637057
0.9765076896370953
0.8351211157310815
0.7672467112541199
1.000645111820741
0.865457976048966
0.7804444496996883
0.9664656276661883
1.0045440175372702
0.7770134398808798
0.955449620194967
1.0042996392176862
0.9951856949784118
0.9149419521252234
0.9886770674815545
1.00406322656553
1.0000145094610795
0.9436383730598858
0.9822916072517184
0.11507818550767306
1.0040408507470162
0.8048287649830205
1.0020629505957326
0.9964148023447325
0.9904052624061926
0.9715180254605567
0.9558905364815579
