0.0010153330624642857
0.0006440917976403939
0.0007663889343348274
0.0008589581964007786
0.0008264887547542743
0.0008948377658178251
0.0008218176557285781
0.0008760874370309138
0.0011601743922960918
0.0007965174082051991
0.001323422306280547
0.0010768614212044187
0.001083063835738523
0.0010281856394884655
0.0009107109999273565
0.0009370816868627267
0.0007733808857405425
0.000753875932301742
0.0009408825392122654
0.0007997983611271446
0.0009864000867076893
0.0009179356594290194
0.0009346602517080156
0.0009563750206658602
0.000766087270176087
0.0008266099737096492
0.0007047243272899177
0.0010669709198206723
0.0011801183355359122
0.000912602783323453
0.0008056057522673328
0.0008245924248847474
0.0006271732130994064
0.0008386227170698713
0.0007752731664942602
0.0009038790510736551
0.0008736528817646837
0.0009999908914323896
0.0010443301835499669
0.0008284564298759378
0.000808856886682666
0.001073668532827565
0.0017226174267761052
0.0007955220780493091
0.0008911849323080137
0.0011271964005690309
0.0010560849766777611
0.0008130881393679292
0.0009067604574926824
0.00090529469754222
