48.43909573554993
112.38672232627869
128.37767386436462
102.41628789901733
95.11692094802856
82.57685089111328
105.6169946193695
86.56533789634705
142.53424787521362
131.28062272071838
127.99180340766907
66.1633517742157
77.33071398735046
135.34900879859924
73.70320200920105
110.7491295337677
41.68751502037048
148.5475800037384
50.55237603187561
85.22272562980652
147.84563851356506
104.62966275215149
77.75215411186218
100.84385228157043
112.97745108604431
159.2201521396637
145.9637975692749
244.2628927230835
125.22204184532166
147.19008779525757
118.31548142433167
108.305899143219
155.43320536613464
105.05481624603271
92.90512990951538
97.75679016113281
214.15864872932434
49.26194429397583
114.93707466125488
216.55609822273254
103.0113844871521
137.75125789642334
369.1199691295624
131.94449853897095
164.5131859779358
125.49592757225037
139.96532344818115
165.1526095867157
102.20016074180603
102.16639161109924
