3.158359942426064
11.632972876444246
12.127085168735059
9.866018101485547
9.955487164993215
9.595827986090562
10.452686024866859
9.581663957198844
9.068096301635197
12.19553228336845
6.181571840599913
4.814377180602783
4.543837980868555
10.018487700691985
5.338439182980519
9.975058644930083
2.881930243883781
11.65486847226305
3.8879443972355983
5.854421404793304
10.917316549169369
9.545069324217565
6.107443448262875
9.634980315387217
9.679924643355129
12.171429198651255
11.797626725320066
6.121625887265445
7.567247353751974
11.86832821609637
9.693102316866424
9.664275194752925
11.928544054473996
9.382474722943432
9.401388265282538
9.440601971648743
10.69515141722723
2.8260036783675484
6.635875447348638
5.974331176202863
5.6068390061967
9.008489300349474
4.350691278164304
9.641289480209913
7.948055530900107
6.6275690262083415
10.032074214918543
7.23077265747456
4.553576689373224
5.223697435386339
