Wall time,Step,Value
1744424571.9437785,50,0.019999999552965164
1744424644.889942,100,0.11999999731779099
1744424828.1914425,150,0.10000000149011612
1744424986.7992218,200,0.10000000149011612
1744425191.8857272,250,0.05999999865889549
1744425333.8667881,300,0.14000000059604645
1744425481.4554136,350,0.14000000059604645
1744425592.6078117,400,0.18000000715255737
1744425694.8281696,450,0.18000000715255737
1744425785.9896367,500,0.2199999988079071
1744425891.4098165,550,0.14000000059604645
1744425974.70631,600,0.3400000035762787
1744426028.1956778,650,0.20000000298023224
1744426099.4812453,700,0.25999999046325684
1744426184.795477,750,0.4399999976158142
1744426273.5770423,800,0.4000000059604645
1744426336.275739,850,0.36000001430511475
1744426391.6617165,900,0.2800000011920929
1744426489.8209605,950,0.23999999463558197
1744426559.998224,1000,0.3799999952316284
1744426625.63697,1050,0.3199999928474426
1744426691.6139753,1100,0.23999999463558197
1744426766.2271557,1150,0.18000000715255737
1744426819.8821838,1200,0.2800000011920929
1744426903.7328491,1250,0.25999999046325684
1744426973.113606,1300,0.25999999046325684
1744427054.6280189,1350,0.30000001192092896
1744427119.7625575,1400,0.2800000011920929
1744427173.749262,1450,0.36000001430511475
1744427241.7550292,1500,0.25999999046325684
1744427330.4436626,1550,0.36000001430511475
1744427408.2938523,1600,0.3799999952316284
1744427461.7177835,1650,0.46000000834465027
1744427543.4781911,1700,0.4399999976158142
1744427615.7537591,1750,0.23999999463558197
1744427716.1507626,1800,0.46000000834465027
1744427773.6360295,1850,0.2199999988079071
1744427869.5834765,1900,0.36000001430511475
1744427946.1677449,1950,0.5
1744428022.0904958,2000,0.4399999976158142
1744428128.1917665,2050,0.36000001430511475
1744428207.501731,2100,0.2800000011920929
1744428274.687604,2150,0.30000001192092896
1744428349.5018651,2200,0.2800000011920929
1744428426.0938656,2250,0.3199999928474426
1744428517.2185278,2300,0.30000001192092896
1744428583.355301,2350,0.41999998688697815
1744428652.095551,2400,0.3400000035762787
1744428742.5992756,2450,0.3400000035762787
1744428815.3529005,2500,0.2800000011920929
1744428903.780159,2550,0.3799999952316284
1744428988.4186857,2600,0.3199999928474426
1744429070.0280585,2650,0.3400000035762787
1744429130.7351704,2700,0.5
1744429228.1482658,2750,0.3400000035762787
1744429304.8977287,2800,0.30000001192092896
1744429382.422952,2850,0.3400000035762787
1744429455.4795845,2900,0.36000001430511475
1744429553.504102,2950,0.41999998688697815
1744429636.6295211,3000,0.36000001430511475
1744429716.8992708,3050,0.5799999833106995
1744429800.8718925,3100,0.3199999928474426
