1.0043478260869565
1.0038910505836576
1.0046082949308757
1.0055248618784531
1.0043478260869565
1.0
1.0052083333333333
1.0056179775280898
1.0047169811320755
1.0048780487804878
1.0
0.1961961961961962
0.9922178988326849
1.0040816326530613
1.0050251256281406
0.7034220532319392
1.00390625
0.9186046511627907
0.4042081616362747
0.9414225941422594
1.0042194092827004
1.0054347826086956
1.0075187969924813
1.0042735042735043
0.9734513274336283
1.0054347826086956
1.0040650406504066
1.0056818181818181
0.16116116116116116
1.0049751243781095
1.0072992700729928
1.0043478260869565
1.0042372881355932
1.0045454545454546
1.0043859649122806
1.0059880239520957
0.7013698630136986
1.0041666666666667
1.0054945054945055
1.005
0.9031574271315903
0.8269230769230769
0.7220447284345048
1.0046082949308757
0.974025974025974
1.005
0.7123269642869087
1.005586592178771
1.0106382978723405
0.9676113361530458
