0.20329559509080591
0.0016031309838609677
0.2584643519188713
1.0317550624242549
0.001549924335457668
0.004929227026877925
0.38586007191164146
0.2255455288668804
0.4329249862452995
0.001617503506358622
0.7003772008815452
0.5375995776186675
0.18486628605841915
0.0020652439667396627
0.4403394280001814
1.4840214038852022
0.1219269945349879
0.3037118769522446
0.28665132716046265
0.8125898107113297
0.2463957895541992
0.6780796207393628
0.002078614105326929
0.001851616760255156
0.818069021283717
0.3083631228959269
0.0014822172517774672
0.6374104549707805
0.491697164456302
0.29760308278115255
0.9901130902644648
0.0014797135004419428
0.0014936855848152507
0.2527479441993902
0.0014613132310873959
0.7007788415615862
0.7886578865088555
0.2120616581672948
0.9166587597524535
0.752858585401409
0.5736763701764698
1.3532420707405646
1.1400475575106617
0.30137515860778163
1.1166259488879573
0.6425299734254076
3.941499518507044
1.9120159797982101
2.0803774425743193
1.081613688199236
