10.28859796814387
10.04372025620892
10.820899329854097
10.430173727795008
10.202385057496091
0.02044685515414705
10.17705501874613
10.173129817207295
10.216322219624972
9.779401904774817
11.324312065611213
20.682349641773435
11.401423525937476
10.45259004406113
9.991362603108008
15.37487633075266
11.026688654382472
11.68038908861394
6.155751044188177
13.143381331686761
10.408993043116455
10.006299513225386
6.336337703617329
9.891407279613105
11.5263236866509
10.10129924507779
9.758463293811614
10.637501657139861
18.284663908369005
9.926178942666288
9.774246125521783
9.758205422103634
9.758066576252203
10.575426468374504
9.818252255934345
9.826733089924371
16.404077066275125
11.058850526265479
10.984844852925375
12.431908213505928
11.644130028186105
11.343966062547132
14.691186872634605
9.730373188036602
13.314959004747017
10.042218882064116
8.81009653933866
11.275998410162408
6.010570753815701
12.034120349215153
