Wall time,Step,Value
1748865975.8309317,25,-3.1314432621002197
1748865990.4418235,35,0.748018741607666
1748865992.7845619,36,1.5912610292434692
1748865997.1465206,39,1.9206100702285767
1748865999.489988,40,4.0685014724731445
1748866002.3415565,43,7.629054546356201
1748866005.5284848,47,9.41507625579834
1748866005.5436668,48,4.0575175285339355
1748866016.3974822,61,14.725594520568848
1748866016.7231376,68,3.6792798042297363
1748866017.0241606,69,5.552642345428467
1748866017.2614453,70,7.50520133972168
1748866031.15765,75,13.32056999206543
1748866043.062274,83,11.802043914794922
1748866043.0867276,84,22.512022018432617
1748866046.7164805,87,9.049070358276367
1748866046.754265,88,5.3003082275390625
1748866050.199833,91,11.110642433166504
1748866051.6715374,92,12.672650337219238
1748866060.3663476,98,4.870550155639648
1748866065.492621,103,10.936078071594238
1748866078.0197427,110,9.311015129089355
1748866086.3261998,120,10.635345458984375
1748866088.1251512,124,17.13006591796875
1748866090.8206863,127,17.854543685913086
1748866092.8143735,128,9.516609191894531
1748866107.9149745,142,14.70220947265625
1748866115.4506598,146,15.550209045410156
1748866118.3509724,147,13.147520065307617
1748866120.597929,149,16.799579620361328
1748866122.5849204,151,15.30967903137207
1748866130.94962,157,19.311248779296875
1748866148.962456,165,14.574896812438965
1748866150.7348683,167,18.366029739379883
1748866150.7548451,168,11.831537246704102
1748866158.601093,171,17.704097747802734
1748866163.2438362,178,19.92338752746582
1748866164.051363,181,10.891990661621094
1748866170.6527498,183,14.341004371643066
1748866175.6464448,185,13.29078197479248
1748866185.1227179,192,15.571702003479004
1748866186.314774,193,10.359188079833984
1748866191.9832418,198,13.4292631149292
1748866197.75114,205,18.93668556213379
1748866200.9795697,206,14.272095680236816
1748866201.005596,207,16.240589141845703
1748866205.8299532,212,12.448426246643066
1748866205.8572268,213,18.86792755126953
1748866211.905205,220,16.256610870361328
1748866213.871039,223,16.05939483642578
1748866213.919184,224,16.675674438476562
1748866214.3960576,226,13.948354721069336
1748866234.7152412,232,17.64429473876953
1748866239.5052347,234,12.818309783935547
1748866240.098533,236,13.468426704406738
1748866243.509305,241,15.82282829284668
1748866245.1361005,242,17.370027542114258
1748866249.540298,245,17.67249870300293
1748866260.276421,250,18.514347076416016
1748866275.172604,265,17.350265502929688
1748866275.20141,266,20.136564254760742
1748866293.2283368,279,12.392159461975098
1748866295.8078241,280,19.907447814941406
1748866295.868328,281,21.939598083496094
1748866314.3829553,292,18.961753845214844
1748866317.6461968,295,18.55500030517578
1748866322.0846517,299,15.179211616516113
1748866332.1137502,303,19.545133590698242
1748866334.831888,306,17.478002548217773
1748866344.5587375,309,21.441225051879883
1748866351.9553304,311,20.204744338989258
1748866359.3919272,316,17.274824142456055
1748866359.450217,318,15.245441436767578
1748866361.648623,319,19.98457908630371
1748866387.2997785,329,18.793642044067383
1748866391.7636483,333,20.004060745239258
1748866399.9474556,337,17.38448715209961
1748866408.545669,339,15.873570442199707
1748866409.378592,340,19.980125427246094
1748866413.1212223,343,20.990766525268555
1748866457.8827398,358,17.25804328918457
1748866460.2206671,359,16.376110076904297
1748866490.5146122,366,22.465700149536133
1748866490.5477247,367,20.384172439575195
1748866520.6632395,373,20.87505340576172
1748866526.9254265,375,20.438926696777344
1748866540.41925,379,20.12408447265625
1748866557.6662335,385,22.789627075195312
1748866557.7130747,386,19.697460174560547
1748866559.9201431,387,18.240013122558594
1748866563.987893,388,22.107646942138672
1748866605.6587312,399,21.87759017944336
1748866629.0847921,407,21.648679733276367
1748866631.162534,411,21.42401695251465
1748866631.6928618,413,19.199268341064453
1748866682.8639762,418,21.043472290039062
1748866719.6878126,423,19.805206298828125
1748866726.1682045,425,22.843177795410156
1748866785.4330409,436,21.18351936340332
1748866836.4780068,442,21.208059310913086
1748866844.9380884,443,22.650699615478516
1748866863.5231688,447,23.450868606567383
1748866892.908285,457,19.31386947631836
1748866904.6475654,458,22.456140518188477
1748866907.6791754,460,24.56866455078125
1748866927.808313,464,22.334142684936523
1748866927.8314774,465,27.264326095581055
1748866929.6003292,467,19.719470977783203
1748866964.333971,471,20.192405700683594
1748866977.104052,473,24.90804100036621
1748867011.863294,477,22.709491729736328
1748867043.0814407,482,24.232011795043945
1748867086.6105704,486,24.211034774780273
1748867104.6375651,489,20.91203498840332
1748867120.0401604,491,23.294921875
1748867123.884826,495,22.18874740600586
1748867124.5797389,496,22.133216857910156
1748867160.829047,501,24.0628604888916
1748867162.0240242,502,21.356414794921875
1748867186.7897968,508,22.078840255737305
1748867189.5349634,510,23.463973999023438
1748867202.8691719,515,22.74992561340332
1748867269.4507377,531,25.57183837890625
1748867278.8594677,532,21.099328994750977
1748867295.997104,533,23.096721649169922
1748867304.2629113,534,24.054113388061523
1748867319.1863346,535,24.84065818786621
1748867327.9185383,538,21.422433853149414
1748867332.2747583,539,22.674821853637695
1748867337.4841306,540,22.974287033081055
1748867428.3056362,554,23.225019454956055
1748867431.869256,555,24.230913162231445
1748867434.9656253,557,23.258005142211914
1748867447.0650887,558,20.801803588867188
1748867452.7441223,559,23.079334259033203
1748867461.1057017,561,24.046031951904297
1748867480.2679949,565,21.531177520751953
1748867488.8412168,567,23.103300094604492
1748867505.7656267,571,21.57509994506836
1748867523.8642745,573,21.099706649780273
1748867543.6562474,577,21.823200225830078
1748867607.1210535,583,23.82145881652832
1748867622.4314373,585,21.418354034423828
1748867650.7687676,589,21.759994506835938
1748867676.7353284,594,26.418046951293945
1748867728.1704814,605,22.269222259521484
1748867746.534605,606,23.357995986938477
1748867764.1755571,609,24.116744995117188
1748867768.7783284,611,23.28226089477539
1748867772.9590204,612,22.827312469482422
1748867789.3488197,615,25.50315284729004
1748867796.7755575,617,22.155759811401367
1748867808.634583,624,26.197040557861328
1748867825.8156986,629,23.096580505371094
1748867854.417881,634,21.923797607421875
1748867857.41084,635,25.681364059448242
1748867900.6869802,643,22.674945831298828
1748867917.933516,644,23.068086624145508
1748867928.6183805,647,24.48064613342285
1748867936.2101352,649,21.75653076171875
1748867958.5949302,650,21.882122039794922
1748867987.934666,654,25.5462646484375
1748867996.1391656,658,24.85650062561035
1748868033.5210106,664,24.012399673461914
1748868042.4815705,665,23.679855346679688
1748868052.2492213,670,22.356239318847656
1748868065.2609386,672,24.466188430786133
1748868093.9529767,676,22.91238784790039
1748868120.549335,679,23.00483512878418
1748868139.0856166,681,22.225627899169922
1748868220.0637107,688,22.881547927856445
1748868245.300267,691,23.70035171508789
1748868271.1879025,696,23.21523094177246
1748868280.0975873,697,23.780582427978516
1748868308.336505,701,22.40372085571289
1748868337.3692918,705,22.817914962768555
1748868373.740991,713,22.582849502563477
1748868376.0375636,715,23.05408477783203
1748868388.3943157,718,23.187841415405273
1748868458.6440148,731,23.147605895996094
1748868487.299687,736,24.435016632080078
1748868545.9070308,742,22.36487579345703
1748868557.391948,744,23.74823570251465
1748868572.8959475,746,22.48457145690918
1748868574.4044507,747,23.485477447509766
1748868581.5311718,749,23.16132354736328
1748868592.4074955,750,22.360759735107422
1748868594.7711742,752,22.625974655151367
1748868605.374594,753,22.450855255126953
1748868615.6144931,754,22.605321884155273
1748868645.3060672,759,22.189619064331055
1748868674.9244218,765,22.557971954345703
1748868760.9869068,785,23.63982582092285
1748868761.3498533,786,21.243606567382812
1748868821.129359,793,21.792753219604492
1748868821.3897743,796,22.62258529663086
1748868824.5466793,797,21.39690399169922
1748868850.6975422,799,21.78119468688965
1748868861.2080436,801,22.535898208618164
1748868871.1359704,803,21.959932327270508
1748868898.2208037,809,22.81895637512207
1748868991.6065285,825,22.36374282836914
1748869002.5047433,826,22.490720748901367
1748869041.28258,828,21.487173080444336
1748869058.7647877,831,21.87659454345703
1748869113.7917328,839,22.03321075439453
1748869127.1691403,840,21.624330520629883
1748869188.1821709,849,21.36867332458496
1748869224.3021295,853,21.722881317138672
1748869226.668906,854,21.487565994262695
1748869234.9415298,856,21.01172637939453
1748869234.9706864,857,21.330293655395508
1748869260.1029193,861,20.699644088745117
1748869261.8863318,864,20.89468002319336
1748869267.7979674,866,20.980030059814453
1748869296.8263326,872,20.323192596435547
1748869336.937384,878,20.88529396057129
1748869370.3665795,881,21.214570999145508
1748869378.628045,883,20.972972869873047
1748869386.2443714,887,19.325790405273438
1748869402.182263,891,20.857805252075195
1748869419.881444,892,20.811664581298828
1748869530.6889637,905,20.491729736328125
1748869544.520063,907,20.113248825073242
1748869582.0391173,913,19.985214233398438
1748869593.2810922,916,20.284276962280273
1748869596.3032126,918,20.76800537109375
1748869624.4647553,922,19.79642105102539
1748869632.2068827,923,20.03925323486328
1748869688.8622453,929,19.690900802612305
1748869700.2598445,931,20.057592391967773
1748869748.2562964,939,19.77794075012207
1748869808.9516683,949,19.229625701904297
1748869823.6144032,951,19.3205623626709
1748869830.2932785,953,19.403621673583984
1748869873.4980326,963,19.112743377685547
1748869906.6848707,970,18.923376083374023
1748869945.5304642,973,19.761093139648438
1748869967.387864,976,19.273483276367188
1748870013.0012944,984,19.147754669189453
1748870115.2341566,1000,18.482486724853516
1748870136.7903316,1003,18.294872283935547
1748870157.3267016,1007,18.863733291625977
1748870171.9549148,1013,16.473936080932617
1748870179.8517435,1015,18.43663787841797
1748870183.5634701,1020,19.06197166442871
1748870223.771228,1023,17.855253219604492
1748870226.7060304,1024,17.69741439819336
1748870247.5290759,1025,18.043838500976562
1748870255.1636834,1027,18.27385902404785
1748870300.0404406,1034,17.74296760559082
1748870309.043614,1036,17.077716827392578
1748870355.0372787,1043,17.514495849609375
1748870369.9021742,1047,18.055328369140625
1748870384.7011213,1049,17.758085250854492
1748870424.1753497,1057,17.638545989990234
1748870424.2654102,1058,18.02226448059082
1748870476.5793412,1067,17.982519149780273
1748870523.9310951,1077,17.7210750579834
1748870545.3400683,1081,17.638994216918945
1748870546.8623905,1083,17.82585906982422
1748870578.843725,1091,17.273311614990234
1748870588.8415015,1092,17.301809310913086
1748870597.4577923,1094,17.039966583251953
1748870618.103456,1098,16.30228614807129
1748870661.4172866,1107,17.44048309326172
1748870751.347666,1119,17.18964195251465
1748870773.4805799,1123,17.2569637298584
1748870788.3171558,1125,16.886343002319336
1748870812.1165714,1128,17.082305908203125
1748870822.605098,1130,16.960363388061523
1748870831.2481818,1132,16.941650390625
1748870866.1043115,1142,16.97201156616211
1748870871.2383437,1143,17.029922485351562
1748870876.0440452,1146,17.359376907348633
1748870878.0532322,1147,16.59865379333496
1748870889.1152625,1150,16.886259078979492
1748870890.8786645,1153,17.838781356811523
1748870904.026843,1155,16.471025466918945
1748870919.475471,1160,16.959026336669922
1748870954.0902913,1167,17.499021530151367
1748870991.8557453,1172,16.66697120666504
1748870998.0439343,1173,16.716960906982422
1748871039.5916011,1183,16.78732681274414
1748871057.3450086,1185,16.513025283813477
1748871092.8046126,1195,17.192468643188477
1748871101.2422655,1197,16.442005157470703
1748871106.6645277,1198,16.344547271728516
1748871122.978134,1203,15.35302448272705
1748871129.8939075,1205,16.597042083740234
1748871149.1665752,1210,16.356876373291016
1748871158.4879072,1214,15.388315200805664
1748871158.52304,1215,17.167804718017578
1748871241.5283105,1227,16.917499542236328
1748871288.7587256,1235,16.851999282836914
1748871305.7118254,1239,16.747962951660156
1748871321.3341074,1244,16.49217414855957
1748871332.596974,1246,16.614971160888672
1748871346.8008945,1250,16.815004348754883
1748871432.5304801,1265,16.584735870361328
1748871434.932066,1267,16.293766021728516
1748871454.4755933,1271,18.334491729736328
1748871454.4908786,1272,16.772594451904297
1748871454.5103047,1273,16.000782012939453
1748871461.6192842,1275,16.67066764831543
1748871469.9908473,1278,16.666053771972656
1748871474.3245087,1281,15.291141510009766
1748871476.2575693,1282,16.597614288330078
1748871500.542738,1288,16.77656364440918
1748871505.3728735,1292,16.128318786621094
1748871549.3515499,1297,16.26856231689453
1748871567.8870578,1299,16.698368072509766
1748871586.676568,1303,16.41473960876465
1748871612.8938727,1306,16.343769073486328
1748871636.0307713,1311,15.50881576538086
1748871651.1307895,1314,16.798154830932617
1748871663.6144416,1319,16.04152488708496
1748871665.4932523,1320,15.910955429077148
1748871685.714908,1323,15.76701831817627
1748871697.881527,1327,15.033790588378906
1748871739.3540924,1336,16.131677627563477
1748871765.648845,1343,15.540157318115234
1748871781.958489,1346,15.351261138916016
1748871792.0763345,1347,15.561882972717285
1748871815.1616423,1356,15.091008186340332
1748871851.2023196,1366,15.447003364562988
1748871859.9723446,1369,15.774872779846191
1748871911.1659224,1375,15.780611991882324
1748871941.0130484,1381,15.249136924743652
1748871955.6163685,1385,14.224112510681152
1748872027.9457338,1396,15.405330657958984
1748872030.404541,1397,15.330320358276367
1748872046.9901145,1401,15.225584983825684
1748872080.178547,1407,15.003649711608887
1748872088.6409676,1411,14.597088813781738
1748872102.334837,1414,15.116435050964355
1748872264.7742913,1438,14.897730827331543
1748872284.1931033,1442,14.771255493164062
1748872340.076304,1452,14.605525016784668
1748872358.9649653,1457,14.629144668579102
1748872371.2892153,1459,14.820805549621582
1748872384.772104,1460,14.570952415466309
1748872398.0941448,1461,14.491988182067871
1748872398.1418586,1462,13.869009017944336
1748872442.3896732,1470,14.448840141296387
1748872477.3562562,1478,13.950196266174316
1748872485.8213484,1479,14.23166275024414
1748872494.421544,1481,14.215376853942871
1748872507.7404547,1482,14.31984806060791
1748872547.1253362,1494,14.226837158203125
1748872547.1730177,1495,13.938682556152344
1748872547.2328424,1497,13.146395683288574
1748872612.6137853,1508,13.749566078186035
1748872624.2736638,1511,14.1205472946167
1748872630.8229625,1515,13.59927749633789
1748872636.7256625,1519,13.434508323669434
1748872655.9891012,1523,13.779135704040527
1748872684.34305,1530,13.856825828552246
1748872687.430094,1531,13.801857948303223
1748872694.10666,1532,13.976258277893066
1748872701.116047,1534,14.089635848999023
1748872702.8024533,1537,13.575321197509766
1748872775.4533567,1549,13.730389595031738
1748872807.2380755,1555,13.519590377807617
1748872829.4254665,1558,13.585914611816406
1748872829.4928107,1559,12.638359069824219
1748872876.7671144,1569,12.817777633666992
1748872899.747995,1572,13.367897033691406
1748872911.2423413,1573,13.362337112426758
1748872974.0216196,1583,13.180423736572266
1748872996.8713536,1586,13.195505142211914
1748873002.114391,1587,13.070233345031738
1748873007.5389845,1589,12.980079650878906
1748873023.1887703,1593,12.88634967803955
1748873031.6728606,1594,13.076945304870605
1748873049.7072043,1597,13.052817344665527
1748873061.3555038,1601,12.78175163269043
1748873085.4050443,1606,13.286782264709473
1748873147.3365626,1617,12.580278396606445
1748873171.3659728,1622,12.396112442016602
1748873178.4824576,1624,12.703605651855469
1748873222.7459273,1632,12.456923484802246
1748873258.7894874,1648,12.399979591369629
1748873308.0060236,1656,12.202441215515137
1748873315.8356135,1658,12.080323219299316
1748873321.0364318,1661,12.454817771911621
1748873344.4496167,1667,12.15298843383789
1748873351.665053,1668,12.253028869628906
1748873385.510532,1675,12.075563430786133
1748873423.9972997,1683,11.86162281036377
1748873443.524784,1687,11.940019607543945
1748873451.18023,1691,12.016478538513184
1748873464.216272,1695,11.507309913635254
1748873469.160456,1698,11.660528182983398
1748873474.7873425,1700,11.699305534362793
1748873499.9293773,1706,11.72799301147461
1748873505.9066427,1708,11.90762996673584
1748873509.0667703,1709,11.748692512512207
1748873540.3040643,1715,11.896871566772461
1748873544.2264254,1716,11.23224925994873
1748873558.9843156,1723,11.775789260864258
1748873567.002177,1725,11.843572616577148
1748873584.8677256,1728,11.718876838684082
1748873590.1822202,1730,11.299222946166992
1748873590.2187757,1731,11.582109451293945
1748873593.8588715,1732,11.532310485839844
1748873614.7268443,1739,10.68766975402832
1748873630.818881,1743,11.531854629516602
1748873639.7627273,1744,11.267081260681152
1748873645.1873393,1746,11.601583480834961
1748873678.6493828,1751,11.288067817687988
1748873712.2389476,1759,11.388201713562012
1748873715.9627879,1760,11.054840087890625
1748873721.421963,1764,11.210716247558594
1748873730.9458005,1766,11.176790237426758
1748873748.8867745,1774,10.990525245666504
1748873748.9193535,1775,9.808847427368164
1748873789.8033056,1786,11.399024963378906
1748873835.4318554,1796,10.970891952514648
1748873835.5090039,1798,11.882088661193848
1748873871.738649,1805,10.873802185058594
1748873876.8062084,1806,10.90158462524414
1748873884.2183542,1807,10.989128112792969
1748873899.5613952,1810,10.57332706451416
1748873910.702021,1813,10.934948921203613
1748873931.4817104,1817,10.806939125061035
1748873948.18949,1821,10.84875202178955
1748874005.8361905,1840,10.776961326599121
1748874018.672803,1844,9.003807067871094
1748874026.1730452,1848,10.583884239196777
1748874030.334927,1851,11.323399543762207
1748874046.2986562,1853,10.564319610595703
1748874064.730076,1857,10.113330841064453
1748874069.934282,1859,10.241198539733887
1748874090.3981724,1868,10.158305168151855
1748874100.640806,1872,10.409798622131348
1748874141.6881683,1881,9.641589164733887
1748874159.7580893,1886,10.204431533813477
1748874165.3672476,1887,10.047351837158203
1748874173.9203231,1888,10.134817123413086
1748874210.1128852,1901,10.190559387207031
1748874217.6353276,1904,10.00033187866211
1748874232.9737418,1909,10.056578636169434
1748874265.3131318,1916,10.018095970153809
1748874279.3996036,1920,9.89557933807373
1748874281.1350524,1923,10.055707931518555
1748874305.9730966,1929,10.830771446228027
1748874310.9015834,1930,9.749041557312012
1748874316.0659711,1931,9.914179801940918
1748874320.560326,1934,9.64319133758545
1748874333.2841296,1939,9.74239444732666
1748874346.3715875,1945,9.531182289123535
1748874352.514176,1946,9.369532585144043
1748874399.7836242,1956,9.50350570678711
1748874403.062836,1957,9.582619667053223
1748874416.1793423,1961,9.229790687561035
1748874416.2101407,1962,9.000077247619629
1748874431.105387,1966,9.207239151000977
1748874440.1643507,1968,9.280179023742676
1748874477.07242,1974,9.420797348022461
1748874487.1434271,1977,9.501888275146484
1748874499.3763392,1981,9.234306335449219
1748874504.2380824,1982,9.198440551757812
1748874513.7898178,1984,9.282781600952148
1748874516.0813289,1985,9.088808059692383
1748874527.1547084,1987,9.291013717651367
1748874559.5143688,1998,9.022419929504395
1748874565.3019862,2000,9.199203491210938
1748874591.4666953,2008,8.726884841918945
1748874594.9809666,2009,9.222514152526855
1748874612.1258042,2012,8.88538646697998
1748874736.995483,2047,8.800004959106445
1748874754.6279252,2056,9.049344062805176
1748874759.952385,2057,8.926944732666016
1748874782.0941234,2064,8.736590385437012
1748874794.1454031,2068,8.487237930297852
1748874815.166818,2075,8.427892684936523
1748874822.645487,2076,8.528583526611328
1748874860.6630912,2088,9.501821517944336
1748874864.9128144,2091,8.53299617767334
1748874896.767405,2100,8.181422233581543
1748874920.9348793,2108,8.173785209655762
1748874923.9579692,2110,6.826589584350586
1748874942.879642,2118,8.300107955932617
1748874942.9419646,2119,8.3614501953125
1748874943.784928,2121,8.246000289916992
1748874953.3970563,2124,8.178194046020508
1748874961.7252321,2130,8.053948402404785
1748874964.7665749,2131,8.252036094665527
1748874992.240209,2135,8.141395568847656
1748874997.6877737,2136,7.957876682281494
1748875013.9846232,2140,7.964974880218506
1748875018.7024302,2141,8.192996978759766
1748875041.442971,2148,8.002948760986328
1748875082.840378,2157,7.646512031555176
1748875096.2353666,2160,7.56967830657959
1748875130.8952448,2170,7.786197185516357
1748875163.5478332,2180,7.668190956115723
1748875196.6706772,2190,7.623541831970215
1748875211.8265402,2197,7.875964641571045
1748875257.9926217,2208,7.434882164001465
1748875294.6867127,2215,7.163832664489746
1748875348.8796015,2222,7.504209041595459
1748875354.219733,2224,7.152294635772705
1748875372.794968,2230,7.310865879058838
1748875375.7209918,2232,7.402354717254639
1748875386.8111541,2235,7.311628341674805
1748875386.8381777,2236,7.9174113273620605
1748875408.1400306,2242,7.160987854003906
1748875412.9408946,2246,7.096284866333008
1748875443.1896393,2257,7.088542938232422
1748875463.51751,2260,6.837520599365234
1748875488.463615,2265,7.436380386352539
1748875568.2623725,2278,7.160944938659668
1748875605.417489,2288,7.052004814147949
1748875642.6384137,2302,7.275163650512695
1748875751.0356152,2321,6.7519636154174805
1748875765.4342885,2326,7.074275016784668
1748875771.1643164,2327,7.050432205200195
1748875792.6185782,2332,6.779721736907959
1748875803.4292867,2337,6.8031768798828125
1748875817.4799993,2340,6.6768670082092285
1748875836.1182096,2345,6.48813009262085
1748875861.154378,2353,7.317256450653076
1748875878.4217548,2356,6.827110290527344
1748875907.7894402,2363,6.939548969268799
1748875910.2835233,2364,7.183544635772705
1748875920.2051835,2365,6.909012794494629
1748875926.1542041,2367,6.91581916809082
1748875949.2463512,2373,6.834688186645508
1748875966.3706536,2380,6.709795951843262
1748876007.5492744,2394,5.426874160766602
1748876057.511973,2405,6.97109317779541
1748876072.4331605,2410,7.230991840362549
1748876080.2356396,2412,7.369431972503662
1748876090.1788092,2414,6.745460510253906
1748876095.54599,2415,6.855515480041504
1748876102.7777593,2418,6.853552341461182
1748876114.3030133,2419,6.80566930770874
1748876229.398588,2449,7.456779956817627
1748876250.635336,2452,6.787621021270752
1748876261.2749653,2456,7.035105228424072
1748876264.5512686,2457,6.682310581207275
1748876270.2729137,2462,6.862719535827637
1748876272.8763852,2463,6.568621635437012
1748876287.3326404,2475,6.214200019836426
1748876313.037956,2483,6.670424461364746
1748876327.5026488,2485,7.008293628692627
1748876329.7388837,2486,7.034367084503174
1748876351.863792,2490,6.623148441314697
1748876394.0246437,2498,6.73858118057251
1748876423.7464955,2506,6.602824687957764
1748876432.0497956,2510,6.652127265930176
1748876446.4684842,2514,6.672030448913574
1748876462.1221468,2519,6.889799118041992
1748876463.5966952,2521,6.795294761657715
1748876468.9957163,2524,6.669172286987305
1748876475.7750173,2526,7.177816867828369
1748876480.8269832,2527,7.047084331512451
1748876483.8891115,2529,6.731012344360352
1748876493.5064082,2534,6.960784435272217
1748876501.6277294,2538,6.793431282043457
1748876503.55138,2539,6.578197479248047
1748876505.1845355,2540,7.093602180480957
1748876505.2604687,2542,6.473846912384033
1748876509.0025222,2544,5.676236152648926
1748876531.3718507,2549,6.768701076507568
1748876535.1628811,2551,7.245553970336914
1748876565.1173499,2559,8.440238952636719
1748876670.0952225,2586,8.109408378601074
1748876672.3138359,2587,6.610171318054199
1748876676.568719,2589,6.891724109649658
1748876704.6371605,2598,7.015483856201172
1748876713.0736454,2599,6.753862380981445
1748876727.5725288,2605,6.640621185302734
1748876730.7450962,2606,6.8510942459106445
1748876734.498873,2609,7.235599517822266
1748876739.2341912,2610,6.906033992767334
1748876742.9501069,2613,6.882494926452637
1748876755.7595727,2620,6.940764427185059
1748876762.0589817,2622,7.070556163787842
1748876771.1524813,2627,6.5689520835876465
1748876817.311233,2639,6.75208854675293
1748876825.5968022,2640,6.758227348327637
1748876874.1791723,2648,6.653478145599365
1748876884.197022,2649,6.682791233062744
1748876906.7418098,2655,6.887392520904541
1748876912.0625544,2656,6.932864189147949
1748876916.2510953,2659,5.720381259918213
1748876916.2691536,2660,6.862857818603516
1748876923.4734178,2661,7.0136799812316895
1748876935.1583288,2664,6.833850860595703
1748876965.9738867,2683,7.171023368835449
1748877003.6162794,2691,7.354656219482422
1748877009.0925705,2692,7.064866065979004
1748877011.0742054,2693,6.648372650146484
1748877019.4077373,2695,7.164286136627197
1748877049.3882232,2702,6.967931270599365
1748877056.1465042,2705,6.920163154602051
1748877056.2039733,2707,5.645956516265869
1748877067.1769948,2710,7.189603328704834
1748877095.1014645,2714,7.021074295043945
1748877130.7256708,2723,7.0547776222229
1748877153.2976027,2727,6.687355995178223
1748877157.087227,2729,7.266318321228027
1748877166.062551,2733,6.9715776443481445
1748877166.1166582,2734,7.7646684646606445
1748877185.5155199,2738,6.99024772644043
1748877185.595788,2739,6.7616868019104
1748877192.7435195,2740,6.60099983215332
1748877226.17205,2745,6.811119556427002
1748877243.054996,2750,6.241533279418945
1748877253.449319,2751,7.303223609924316
1748877269.5385768,2755,7.061578750610352
1748877305.7585423,2760,7.214780807495117
1748877311.9412296,2761,6.949774265289307
1748877313.7513635,2762,6.929139614105225
1748877333.4336734,2765,7.172046661376953
1748877341.0519693,2766,6.835397243499756
1748877365.5094075,2774,7.386072635650635
1748877365.5498679,2775,6.731815814971924
1748877367.3217323,2776,6.993140697479248
1748877375.9202204,2781,7.1981329917907715
1748877378.5278902,2782,7.086203098297119
1748877384.774269,2786,7.4953460693359375
1748877397.427385,2789,7.14594030380249
1748877406.628138,2792,7.3353271484375
1748877413.8746333,2794,7.010574817657471
1748877416.5845191,2796,6.938010215759277
1748877425.5805259,2799,7.166541576385498
1748877447.891164,2806,7.258046627044678
1748877484.4383492,2818,6.887135982513428
1748877497.3231335,2820,6.464313983917236
1748877550.679973,2833,7.112851619720459
1748877550.9814622,2834,6.697018146514893
1748877588.7634144,2845,6.942769527435303
1748877613.2361944,2855,7.339263439178467
1748877615.093488,2857,7.278794288635254
1748877623.2790604,2859,6.983498573303223
1748877631.666028,2862,6.905979633331299
1748877640.6073153,2865,6.87989616394043
1748877660.7462947,2868,7.337228298187256
1748877693.206091,2872,7.2022013664245605
1748877696.7009785,2873,6.6534423828125
1748877711.031738,2878,6.899358749389648
1748877720.25264,2880,6.950626373291016
1748877723.9049337,2882,7.272274017333984
1748877730.545345,2883,7.003657341003418
1748877741.9529457,2887,7.074044704437256
1748877781.4673593,2900,6.727073669433594
1748877782.7329185,2902,9.390068054199219
1748877793.7405012,2903,7.048419952392578
1748877796.417876,2905,5.887285232543945
1748877807.419088,2910,6.979275703430176
1748877811.6674447,2912,6.834056377410889
1748877816.8126469,2914,7.1766204833984375
1748877820.3880012,2916,6.866602420806885
1748877860.2254426,2924,6.847229480743408
1748877889.4462717,2932,7.247286319732666
1748877900.3810427,2935,6.976850509643555
1748877901.3593237,2936,6.603100299835205
1748877909.579856,2939,7.31691312789917
1748877911.529378,2941,6.687543869018555
1748877917.824899,2942,6.742051601409912
1748877947.5097213,2945,6.884082794189453
1748877966.5703018,2951,6.530388832092285
1748877990.132151,2955,6.939886569976807
1748877995.1238985,2956,6.678548812866211
1748878033.8055394,2970,7.040777683258057
1748878040.0637999,2973,6.830358505249023
1748878046.1784189,2976,6.9606218338012695
1748878052.9119024,2979,6.622457027435303
1748878062.2002702,2983,6.730629920959473
1748878069.2004578,2986,6.856411933898926
1748878083.0936441,2988,6.813513278961182
1748878109.2856758,2994,6.913259506225586
1748878121.7044792,2999,6.302987575531006
1748878123.5264642,3000,6.589892387390137
1748878141.4173627,3005,6.040166854858398
1748878151.4963984,3007,6.575321197509766
1748878181.9881904,3014,6.673003196716309
1748878187.4435875,3017,6.864262104034424
1748878194.1015387,3019,6.7162370681762695
1748878198.8564897,3020,6.762817859649658
1748878210.2897742,3023,6.598360061645508
1748878218.6603131,3025,6.6249308586120605
1748878238.6747591,3031,5.991993427276611
1748878273.004587,3040,6.40852689743042
1748878294.9010885,3045,6.505010604858398
1748878310.2787635,3050,7.061818599700928
1748878322.972426,3055,6.8686137199401855
1748878355.6874099,3068,6.169995307922363
1748878358.0772672,3069,6.016235828399658
1748878358.0994356,3070,6.615241527557373
1748878390.1137059,3080,6.4820661544799805
1748878415.134586,3087,6.562806129455566
1748878425.272281,3090,6.710260391235352
1748878434.7591445,3095,6.478296279907227
1748878478.2705493,3104,6.221373558044434
1748878481.9408548,3105,6.195056915283203
1748878519.5572364,3111,6.3569159507751465
1748878539.230302,3117,7.818065166473389
1748878553.555177,3120,5.908935070037842
1748878569.8375485,3124,6.082460880279541
1748878574.4849858,3125,6.227570533752441
1748878582.5550313,3126,6.377613067626953
1748878584.892145,3128,6.323525428771973
1748878602.3684924,3132,6.080455303192139
1748878606.698624,3135,5.9934401512146
1748878609.7893145,3136,6.53175163269043
1748878623.0016706,3140,5.963786602020264
1748878627.5303342,3141,6.426773548126221
1748878631.2399948,3142,6.235915184020996
1748878650.4110854,3147,5.908402442932129
1748878657.335105,3149,5.899957180023193
1748878680.627206,3159,6.021327018737793
1748878702.0907824,3166,5.697686672210693
1748878714.7407475,3171,5.788332939147949
1748878724.73225,3173,6.224552631378174
1748878732.5339522,3176,6.100891590118408
1748878756.260867,3188,5.98391580581665
1748878762.8413832,3191,5.821442127227783
1748878771.469138,3194,5.398919582366943
1748878784.5249813,3199,5.617753028869629
1748878801.054166,3208,5.578723907470703
1748878808.7095025,3211,6.413041591644287
1748878822.0524504,3213,6.012940406799316
1748878844.4541416,3220,6.784862518310547
1748878850.8399138,3224,5.835379123687744
1748878857.033847,3225,5.9980292320251465
1748878886.4966083,3233,5.810206890106201
1748878896.8356051,3237,5.919036865234375
1748878901.1875336,3238,6.186979293823242
1748878916.6153636,3241,5.709513187408447
1748878921.1298275,3243,6.0596842765808105
1748878935.932722,3250,5.759815216064453
1748878941.2109394,3254,8.28441333770752
1748878949.3201768,3258,5.947787284851074
1748878958.710162,3262,5.858415126800537
1748878965.345185,3264,5.868077754974365
1748879002.786625,3270,5.613865852355957
1748879058.3998485,3284,6.213851451873779
1748879065.6816063,3286,5.800838947296143
1748879070.831338,3289,4.180349349975586
1748879079.3952744,3292,5.096894264221191
1748879084.7341967,3295,6.102565765380859
1748879094.0155094,3296,5.608320713043213
1748879111.8645198,3301,5.819828510284424
1748879132.0541592,3309,5.281923294067383
1748879142.532777,3315,5.617371082305908
1748879151.2116687,3318,6.0848283767700195
1748879153.8807964,3319,6.1038126945495605
1748879182.5813746,3327,5.831092834472656
1748879209.1407785,3335,5.611832141876221
1748879264.7611203,3348,5.8595757484436035
1748879288.6056337,3355,5.090266227722168
1748879304.3851988,3361,5.478818893432617
1748879332.5813413,3366,5.9882707595825195
1748879361.4307175,3374,5.673511981964111
1748879374.2497988,3377,5.827032089233398
1748879391.5150576,3385,5.9836859703063965
1748879391.545995,3386,6.586865425109863
1748879394.404219,3387,5.818974018096924
1748879411.6610851,3391,5.576640605926514
1748879412.4233766,3392,5.778558254241943
1748879412.449266,3393,6.947507381439209
1748879421.1377041,3395,5.645317077636719
1748879434.0763245,3398,5.8313140869140625
1748879441.5477827,3400,5.776040077209473
1748879454.8544428,3405,5.0208821296691895
1748879458.9589014,3406,5.6923980712890625
1748879467.4179451,3409,5.620782852172852
1748879486.2941928,3414,5.89168119430542
1748879489.0405648,3415,5.994904518127441
1748879500.2883885,3418,5.72733736038208
1748879515.2924602,3423,5.951874256134033
1748879520.1148653,3425,6.2802042961120605
1748879537.3200054,3428,5.7351531982421875
1748879544.1908126,3429,5.864224910736084
1748879548.512466,3430,5.889010906219482
1748879559.945941,3433,5.462873935699463
1748879574.536869,3439,5.721522331237793
1748879593.018964,3443,5.990047931671143
1748879604.6205053,3447,5.550036907196045
1748879620.6782665,3454,6.082179069519043
1748879620.7259302,3455,6.787632465362549
1748879625.3123507,3457,5.633997917175293
1748879629.640824,3460,5.575194835662842
1748879697.6354952,3475,6.520712375640869
1748879697.6577914,3476,7.204858779907227
1748879709.6243918,3480,5.992125034332275
1748879719.9261558,3482,5.651312351226807
1748879749.2590106,3489,5.547187805175781
1748879754.3187644,3491,5.745940685272217
1748879759.5589375,3493,5.200486183166504
1748879766.9558215,3496,6.461346626281738
1748879785.2473335,3501,5.666900157928467
1748879785.3050396,3502,4.79388952255249
1748879786.6172023,3503,5.878269672393799
1748879790.3909605,3504,6.0347113609313965
1748879794.4199038,3505,5.914003372192383
1748879794.472065,3506,7.863316059112549
1748879814.1444325,3510,5.744657516479492
1748879821.4609876,3512,5.695234298706055
1748879827.0543454,3514,5.662679672241211
1748879841.2426746,3517,5.704087734222412
1748879853.4043875,3520,5.745530605316162
1748879854.8792725,3521,5.430137634277344
1748879861.1970372,3524,5.689202308654785
1748879891.6315382,3535,5.675853729248047
1748879906.3476758,3540,4.7118306159973145
1748879907.7558055,3541,5.442173957824707
1748879913.1587017,3547,5.5328779220581055
1748879952.2556937,3556,5.481499671936035
1748879957.672366,3557,5.48828649520874
1748879978.5961041,3562,5.396255016326904
1748879987.052458,3565,5.483856678009033
1748880003.577541,3571,5.265585899353027
1748880010.3218458,3575,4.8812737464904785
1748880030.7691782,3579,5.412214756011963
1748880032.4545712,3581,5.146957874298096
1748880049.9171224,3587,5.379548072814941
1748880060.01054,3590,5.202726364135742
1748880072.0908782,3594,5.510415077209473
1748880086.132718,3596,5.395209789276123
1748880090.018314,3597,5.528519153594971
1748880106.4209342,3601,5.617076396942139
1748880123.003158,3605,5.431402206420898
1748880131.5439017,3608,4.971877098083496
1748880134.4875555,3609,5.11987829208374
1748880143.3468616,3612,5.387768268585205
1748880160.8895714,3621,5.335794925689697
1748880179.981984,3629,5.610668182373047
1748880193.3224652,3634,5.100835800170898
1748880193.3716888,3635,5.2906880378723145
1748880195.2330425,3636,5.689448833465576
1748880199.8369312,3637,5.193209648132324
1748880224.0101347,3640,5.188986778259277
1748880241.1131794,3644,5.329520225524902
1748880267.33203,3651,5.207507133483887
1748880349.5754752,3675,5.2062764167785645
1748880363.1523478,3678,5.538150310516357
1748880365.5518765,3680,5.26072883605957
1748880372.388663,3682,5.002269744873047
1748880387.0853522,3685,5.153853893280029
1748880392.5258121,3687,5.242196083068848
1748880399.4385223,3689,4.875418186187744
1748880399.5410926,3691,6.3230204582214355
1748880405.3238118,3692,5.171313285827637
1748880408.997969,3693,5.0079145431518555
1748880463.9091291,3711,4.942472457885742
1748880492.7420099,3720,5.152407646179199
1748880492.7650263,3721,4.995203018188477
1748880526.739382,3728,4.604029178619385
1748880534.6842759,3732,4.951285362243652
1748880536.9911344,3733,4.7376909255981445
1748880558.5261884,3738,4.953796863555908
1748880561.5360515,3739,4.978333950042725
1748880567.4656253,3742,5.0046772956848145
1748880607.4615135,3750,5.264835834503174
1748880613.9580414,3753,5.108952045440674
1748880616.8351426,3754,4.918760776519775
1748880646.2722244,3763,4.877408027648926
1748880666.8548868,3766,4.90681791305542
1748880671.1786168,3767,5.0650153160095215
1748880682.109057,3769,4.962752819061279
1748880682.1577756,3770,5.130390167236328
1748880691.2548397,3773,5.215642929077148
1748880697.269521,3774,4.885292053222656
1748880697.3093467,3775,4.251838684082031
1748880727.2169285,3782,5.042247295379639
1748880731.6435866,3784,4.660539627075195
1748880733.9586434,3786,4.874789714813232
1748880769.5523965,3798,4.8107380867004395
1748880782.8141882,3801,4.987506866455078
1748880785.5258136,3802,5.012895584106445
1748880788.8968427,3803,4.871501922607422
1748880790.9866724,3804,5.027297019958496
1748880795.2159534,3808,4.751450061798096
1748880800.2865443,3811,5.609540939331055
1748880847.2763417,3826,5.4952473640441895
1748880851.5010774,3827,5.135344982147217
1748880856.4847336,3828,5.118322372436523
1748880871.9953573,3834,6.5500969886779785
1748880874.4375641,3836,5.607929229736328
1748880888.3330638,3840,5.068970680236816
1748880902.1103787,3844,4.545412540435791
1748880902.146278,3845,3.9435524940490723
1748880906.1234756,3850,4.351569175720215
1748880947.460607,3860,5.218270778656006
1748880984.7773569,3869,5.139106273651123
1748880986.4202392,3871,4.399607181549072
1748880991.8383498,3872,4.8608808517456055
1748880996.5721748,3873,4.773011207580566
1748881004.8140793,3876,4.950449466705322
1748881010.7202682,3878,5.067587375640869
1748881016.577568,3881,4.878501892089844
1748881047.9648707,3890,4.481900215148926
1748881053.471201,3893,4.2982563972473145
1748881056.0750377,3896,5.005201816558838
1748881095.1835501,3906,4.144077777862549
1748881128.1453326,3918,5.064713954925537
1748881136.037881,3923,5.064186096191406
1748881156.3138504,3929,5.155379772186279
1748881156.349866,3930,4.204380035400391
1748881163.662771,3932,4.918310165405273
1748881176.0170224,3936,4.722594261169434
1748881207.6217206,3942,5.2117133140563965
1748881216.808641,3945,4.9493255615234375
1748881227.274442,3947,4.889726161956787
1748881236.4862745,3949,4.685836315155029
1748881254.0208077,3952,4.6316022872924805
1748881259.359012,3954,4.905553817749023
1748881259.3921008,3955,3.7586987018585205
1748881268.5645494,3957,4.666977405548096
1748881273.30233,3960,4.653532028198242
1748881313.9399042,3974,4.875385761260986
1748881315.3979769,3975,4.719001770019531
1748881319.0257478,3978,4.609348297119141
1748881332.2845738,3986,4.558845520019531
1748881339.8685205,3987,4.645748615264893
1748881371.7435372,3996,4.47471809387207
1748881380.1540537,3997,4.749814987182617
1748881391.2688897,4002,4.735978603363037
1748881392.7209659,4003,4.600721836090088
1748881394.7159755,4004,4.694979190826416
1748881396.041873,4007,4.9568939208984375
1748881396.059085,4008,4.873180866241455
1748881416.0358777,4013,4.587252140045166
1748881429.4918,4018,4.73724889755249
1748881433.2517169,4021,2.379486322402954
1748881446.6410477,4029,4.497750282287598
1748881460.4765718,4033,4.41356086730957
1748881462.6610456,4035,5.995036602020264
1748881503.8963895,4044,4.674753189086914
1748881528.9302492,4049,4.620902061462402
1748881541.6092691,4055,4.671812534332275
1748881545.3301246,4056,4.30654764175415
1748881558.7755437,4060,4.578134536743164
1748881561.4693398,4061,4.435638427734375
1748881585.0329375,4068,4.33528995513916
1748881599.0944002,4075,3.388857841491699
1748881622.2297244,4081,4.354458332061768
1748881636.921314,4084,4.5163373947143555
1748881637.6691616,4086,4.91865873336792
1748881645.7331703,4087,4.520742893218994
1748881671.2262022,4094,4.55954647064209
1748881698.153175,4100,4.219112873077393
1748881704.0720768,4102,4.437777519226074
1748881709.6411018,4103,4.208679676055908
1748881709.698936,4105,4.540898323059082
1748881726.750984,4109,4.455550193786621
1748881739.2342105,4113,4.633250713348389
1748881749.3419418,4118,4.389586448669434
1748881760.906143,4121,4.304771423339844
1748881795.224763,4130,4.452546119689941
1748881801.3171222,4132,4.136630535125732
1748881813.1582756,4136,4.064754962921143
1748881816.167049,4138,3.174121379852295
1748881825.0347083,4142,4.2659478187561035
1748881836.1794622,4145,4.382896900177002
1748881864.7560086,4151,3.744778633117676
1748881881.3967388,4154,4.159839630126953
1748881914.8280773,4163,3.797715663909912
1748881931.4984841,4167,4.494758129119873
1748881957.3677378,4174,4.228825569152832
1748881960.106224,4177,2.8439831733703613
1748881986.2852337,4184,3.2780423164367676
1748881994.1263494,4185,4.078162670135498
1748882006.2247503,4188,4.0138349533081055
1748882011.9865746,4190,3.8913190364837646
1748882036.234432,4198,4.097835540771484
1748882040.1630502,4199,4.086559772491455
1748882048.9862669,4202,4.007627487182617
1748882089.650475,4208,4.266640663146973
1748882102.8144464,4213,4.025903701782227
1748882142.423859,4228,4.16226863861084
1748882142.4759297,4229,5.463420391082764
1748882157.7455106,4237,5.347289562225342
1748882161.7024388,4242,4.750927448272705
1748882179.2431214,4248,4.124528884887695
1748882182.147017,4250,4.244400501251221
1748882182.2008984,4251,3.4836034774780273
1748882198.8537662,4257,3.9805333614349365
1748882240.2825234,4267,4.378706932067871
1748882252.1563911,4270,3.274998664855957
1748882267.531906,4272,3.6033692359924316
1748882270.9115667,4273,4.184361934661865
1748882273.7542686,4274,4.386280536651611
1748882284.0919962,4278,2.5894417762756348
1748882333.8391073,4288,4.07877254486084
1748882335.8517284,4289,4.534481048583984
1748882349.4527686,4291,4.106070518493652
1748882370.3228564,4301,4.327922344207764
1748882375.2326152,4302,3.977213144302368
1748882388.8433554,4305,4.098209381103516
1748882439.5813737,4313,4.964686393737793
1748882462.5457807,4319,3.4601526260375977
1748882486.5369072,4326,4.177605152130127
1748882501.2795522,4330,3.5553250312805176
