0.9958553444116544
1.0044444444444445
1.0060975609756098
0.9765625
0.9242424242424242
1.004149377593361
1.0
1.0046728971962617
1.0052631578947369
1.0044444444444445
0.3968255277033205
0.9783783783783784
0.8285198555956679
1.0053191454486643
0.9907407407407407
0.13114205265307688
0.054054065151615545
1.005050505050505
0.984251968503937
0.9523809523809523
0.9947368421052631
0.986046511627907
1.0046082949308757
1.0
0.9910714285714286
0.9338504726834157
0.9999960072628864
1.004566210045662
0.8181816730257514
0.9405940594059405
0.9321146094136767
1.0047619047619047
0.9774774774774775
0.2701485266476446
1.004073214913727
0.9808612440191388
1.005464480874317
0.0052713661699801
0.4912718027607164

0.07407405796471062
0.8682926829268293
0.6292925199021154
1.1634540271472645e-09
0.9732142857142857
