0.0008202606524066188
0.0006349473860528734
0.0008013008972317571
0.0007640144281140238
0.0007747347143859687
0.0008400841391475338
0.0015106360696503247
0.0009243658166618095
0.0006831309506914726
0.0007554333062014646
0.0012226383960633367
0.0011156403513096675
0.00095003779856942
0.0013631558812971405
0.0009129591274325287
0.0009671585369590405
0.0009186121466633928
0.000744616512545488
0.0007513730317412868
0.0009715682233772462
0.0008550820529068771
0.0008643288834042154
0.0008948966933195458
0.0008255815762434227
0.0007239881088025868
0.0007613278702432153
0.0008942622659139302
0.001143369996456693
0.0009703579142207762
0.0009187478560603934
0.0007452587873185388
0.0008748708536759728
0.0010131275242504973
0.0010180305005426373
0.0008951603189866922
0.0008492339338380932
0.0009580164972204165
0.000966990503619562
0.0009922649445153885

0.0010158075600045849
0.0011210387010445319
0.0009844055899710798
0.000844875777916828
0.0007436327793714424
