84.54694938659668
85.75164318084717
84.23905611038208
68.62439346313477
30.08152961730957
80.43049430847168
86.77508640289307
79.3565137386322
79.5269660949707
78.08075332641602
273.58351612091064
88.71357870101929
248.48111629486084
92.80968713760376
98.44181251525879
548.3208038806915
687.3401777744293
101.59943675994873
73.71932458877563
105.78200507164001
99.62858533859253
104.03085279464722
98.1495463848114
106.13633251190186
101.94524717330933
129.18536186218262
91.85235786437988
102.43088173866272
142.1307189464569
102.89900159835815
112.97031855583191
100.73503398895264
104.16338729858398
517.8364651203156
89.2705717086792
99.19388556480408
86.74078488349915
766.0683135986328
310.5520305633545

807.6368517875671
137.27814269065857
181.0066545009613
775.5843200683594
126.49001908302307
