9.57521981231583
9.687896268961461
9.713961827295474
6.124468323540883
2.602560212213138
9.696892713348683
7.709710383657327
9.551447551548478
9.49500902243099
9.485069555609194
7.176101418176538
8.061662273161968
10.75080467187325
8.238306116995629
9.717648718278426
8.844222242029632
6.188054200306357
9.685510924447096
6.075823174696413
9.742008414206047
8.988326441823293
9.777282909863706
9.822367515595781
9.74980472558283
9.839290940462718
10.549958528796534
9.538439601858414
9.484692867046865
9.093806671900797
6.955598916084906
9.822920896164785
9.559051053908124
9.697467309514021
12.9078307374149
9.542063915794161
9.55371503576143
8.988203974426817
4.056049732414351
9.811246949224321

7.796347744314386
7.660869168515701
9.547055894579604
3.521113874675217
9.630596690416311
