0.9987415245805795
1.0050478396671159
1.004943040124873
0.9665882678221394
1.0098446304147894
1.004859647140127
0.9542775359688276
1.0044750777679845
1.0038413110302715
1.0045013798883669
0.8618373438990717
0.994003527611494
0.6269917135440293
0.9666243787142355
0.9222090370164534
0.7311475636873768
0.7155168663368238
1.0024503794820028
0.9525665220374252
0.9396525620129602
0.9856889583013229
0.9906171514544376
0.3059085531963556
0.9969938566575304
0.9949660307109947
0.9674173301458359
0.9988333172766508
0.7948457626462505
0.9661990341164766
0.9749284691839333
0.9923459428818628
0.9985346182719949
0.9158569297442833
1.0020015195511174
0.972385260234545
0.9943815809924428
0.029130117687768114
0.9146555783284223
0.29817991148650885
0.8682827402914303
0.6267823725416212
0.08473696044547285
0.946751501897107
0.13238874269899714
0.9432736676746765
0.932925033456986
0.7517163923173514
0.6876456920739256
0.6578961358133159
