0.0009264660531278843
0.0007440170050971091
0.0007228972297690979
0.0009125643508086314
0.0005250291274437172
0.0007532452657291771
0.0007520156830801295
0.0007746266702111541
0.0007659007267381928
0.0008363662548584182
0.0008288458824657986
0.0006143447813428792
0.0008412698019460691
0.0007392281069964852
0.000896752221517502
0.0008959878400454148
0.0007974711331130215
0.001099579655009934
0.0010443855908359619
0.0008075920685737872
0.0009942821605916465
0.000899840097638865
0.0008177644927570512
0.0008384277441641226
0.0011299323812294245
0.000903535320200414
0.0009001400974626546
0.0010768625207350192
0.0009503389745836426
0.000920398165607436
0.0008915432259572647
0.0008292302010567696
0.0006358287335994343
0.0007328367514260622
0.0007397393601094918
0.0009897917364979525
0.0009548427718005634
0.0008961864660688294
0.001007716378250046
0.001129937027723248
0.0009852329524570353
0.0010566632601643404
0.0008219000486210484
0.0007341683587131234
0.0010019692337857476
0.0007600317148899194
0.0010037768704271664
0.0008028133011914364
0.0009131789220173195
