78.72484111785889
81.64840030670166
76.97987174987793
77.26418161392212
32.10768747329712
79.15554857254028
107.2532570362091
80.23714900016785
81.55482697486877
79.15197420120239
148.89687418937683
98.82933449745178
234.50541877746582
88.28475999832153
105.96592974662781
149.9937343597412
69.09496140480042
98.62485551834106
92.33449125289917
106.14705038070679
114.86404156684875
101.99870610237122
114.80925965309143
102.15837550163269
102.57100510597229
89.87229537963867
95.38952445983887
99.75089812278748
90.58641529083252
109.84931302070618
101.44503498077393
99.00044536590576
68.0314130783081
89.28676414489746
102.87829566001892
88.30194592475891
390.1590664386749
131.0926158428192
276.1656560897827
117.83784341812134
329.03093361854553
410.4608783721924
130.50403881072998
428.2758572101593
161.11646175384521
163.14581298828125
279.5055170059204
200.33166217803955
472.4533271789551
