9.400425918742659
9.496668926692669
9.36500535921026
6.449242177545221
2.916631879546316
9.57169721180096
10.116900177248748
9.419032914513423
9.383352493192387
9.358992115268268
9.846184407039518
9.602659827972166
11.185774538642779
7.206324242279839
9.573054169480061
7.493960709352249
3.3137488496797824
9.449178550004365
6.476298987248139
9.555770819852034
10.10091054586496
9.628972833383655
3.145757488485123
9.627503599700646
9.38811129460669
6.971449345868426
9.450319858168168
5.862549588049001
6.373691619868613
9.748868419139075
9.461444687659904
9.40806908220997
4.644459167239565
9.369132911163117
9.453294430535001
8.969375152143892
0.7095058986253548
7.10586402046517
5.28102160895554
5.804952543700697
5.382901994982424
2.0858509416358717
9.482146501201425
3.1598890860494255
9.639183210287023
10.302740706757127
11.033756569435592
6.417869944406563
3.3969288674390525
